spawn:
  world: world
  x: 367.32750625438547
  y: 71.0625
  z: -667.445591503095
  yaw: -271.24823
  pitch: 8.999995
firstspawn:
  world: world
  x: 367.32750625438547
  y: 71.0625
  z: -667.445591503095
  yaw: -271.24823
  pitch: 8.999995
