lastAccountName: MMKungTH
timestamps:
  login: 1554286947906
  logout: 1554286979664
ipAddress: 127.0.0.1
lastlocation:
  world: world
  x: 367.32750625438547
  y: 71.0625
  z: -667.445591503095
  yaw: -270.94824
  pitch: 17.699991
logoutlocation:
  world: world
  x: 383.8774341680384
  y: 71.0
  z: -669.6670423744695
  yaw: -75.456566
  pitch: -8.625094
