lastAccountName: MCtest
timestamps:
  login: 1518616179468
  lastteleport: 1518538062163
  logout: 1518539006414
  kits:
    member: 1518529631268
ipAddress: 49.146.45.65
lastlocation:
  world: world_nether
  x: -66.85410543258764
  y: 44.0
  z: -23.32029011632776
  yaw: 323.39996
  pitch: 22.95006
money: '277.0'
afk: false
logoutlocation:
  world: world_nether
  x: 190.62524025306791
  y: 40.0
  z: -50.32750418063421
  yaw: -99.45026
  pitch: 7.800016
