lastAccountName: painfullpvpl
timestamps:
  login: 1518602471147
  logout: 1518602473480
ipAddress: 84.28.147.166
lastlocation:
  world: world
  x: 367.32750625438547
  y: 71.0625
  z: -667.445591503095
  yaw: -270.94824
  pitch: 17.699991
logoutlocation:
  world: world
  x: 145.8382391668706
  y: 63.0
  z: -648.9829533520376
  yaw: 52.382004
  pitch: 1.0443916
