lastAccountName: NekitoArtz
timestamps:
  login: 1518597856333
  logout: 1518598308099
ipAddress: 49.146.39.72
lastlocation:
  world: world
  x: 367.32750625438547
  y: 71.0625
  z: -667.445591503095
  yaw: -270.94824
  pitch: 17.699991
logoutlocation:
  world: world
  x: -505.2107255579427
  y: 66.0
  z: -204.65595073327614
  yaw: 80.54944
  pitch: 26.999994
