lastAccountName: sherwin13
timestamps:
  login: 1518574382481
  logout: 1518574384418
ipAddress: 112.198.72.50
logoutlocation:
  world: world
  x: 369.31617288162056
  y: 71.0
  z: -657.7069141759599
  yaw: -45.3385
  pitch: 20.95752
