lastAccountName: Sabrina
timestamps:
  login: 1518607113751
  logout: 1518607136783
ipAddress: 49.149.17.1
logoutlocation:
  world: world
  x: 387.98580811010976
  y: 72.0
  z: -666.5484253017775
  yaw: -96.94861
  pitch: 20.399984
