lastAccountName: fihch
timestamps:
  login: 1518491480460
  logout: 1518491509600
ipAddress: 49.146.44.222
lastlocation:
  world: world
  x: 367.32750625438547
  y: 71.0625
  z: -667.445591503095
  yaw: -270.94824
  pitch: 17.699991
logoutlocation:
  world: world
  x: 367.0886020146983
  y: 71.0
  z: -667.3735861757532
  yaw: -306.7981
  pitch: -23.400024
