jails: 
  1: 
    world: GreenFaction
    x: -125.93262940570662
    y: 90.0
    z: 40.41543981195942
    yaw: -215.95726
    pitch: 51.59997
  2: 
    world: GreenFaction
    x: -125.93262940570662
    y: 90.0
    z: 40.41543981195942
    yaw: -215.95726
    pitch: 51.59997
