spawns: 
  default: 
    world: world
    x: 373.2941533903161
    y: 71.0
    z: -667.4000066524113
    yaw: -270.19763
    pitch: -2.3545702
