world: Building
x: 1.5
y: 5.0
z: 0.5
yaw: -99.29944
pitch: 35.850002
name: b1
