world: Spawn3
x: -1218.2647757821087
y: 81.0
z: -1056.0414123288635
yaw: -266.1705
pitch: 4.181878
name: Build
