world: world
x: 367.27485806972044
y: 71.0
z: -661.4795885541661
yaw: -315.59866
pitch: -11.667629
name: Crates
