world: Factions
x: -1318.557292979435
y: 64.0
z: -406.50842103547905
yaw: -37.65161
pitch: 90.0
name: CustomTerrain
