world: spawn
x: 1450.9312546136207
y: 72.0
z: 41.70221846997053
yaw: -222.14944
pitch: -3.0000193
name: Enchant
