world: world_the_end
x: -17.75290507381084
y: 145.0625
z: 40.718693020284086
yaw: -139.3508
pitch: 40.349953
name: end
