world: Building
x: 404.4081889831748
y: 8.0
z: 422.72865751796934
yaw: 36.749847
pitch: 23.400053
name: hcf1
