world: world
x: -24.64452567971574
y: 77.0
z: 0.8925944446062808
yaw: 97.05019
pitch: 6.4499974
name: Info
