world: Building
x: -1159.5971339608552
y: 14.0
z: -521.7002561282516
yaw: -333.10645
pitch: 23.999496
name: kitmap2
