world: Building
x: 1037.4068571053822
y: 7.0
z: 441.63249510745186
yaw: -163.23242
pitch: 23.70022
name: Kitmap1
