world: Building
x: -828.955841796668
y: 4.0
z: -41.423675491318804
yaw: -17.868408
pitch: 5.8498497
name: map1
