world: world_nether
x: 190.60833864571276
y: 40.0
z: -50.51926696173055
yaw: -90.15021
pitch: 18.150015
name: nether
