world: Building
x: -872.2410266657507
y: 148.0
z: 817.3639947244706
yaw: 42.697105
pitch: 85.34997
name: New
