world: flatroom
x: 213.81744003983303
y: 7.0
z: -323.3902954349288
yaw: -262.7857
pitch: 23.699997
name: NewS
