world: builds
x: -131.5357461194772
y: 4.0
z: -10.481338314690166
yaw: -338.95312
pitch: 9.600367
name: NEWSPAWNZ
