world: terrain
x: -6.11941059373624
y: 102.0
z: -20.931765628070725
yaw: 124.01034
pitch: 11.703863
name: NS
