world: buildsextra
x: 301.4334810502138
y: 17.0
z: 135.07190273649383
yaw: -3.0517578E-5
pitch: 0.75002635
name: PVP
