world: buildsextra
x: -3.55281779281179
y: 38.0
z: 262.3000592193395
yaw: -179.8504
pitch: -0.44982973
name: Shop
