world: Building
x: -772.0039559088885
y: 169.0
z: 523.8845704377173
yaw: -164.30066
pitch: 23.400112
name: skyblock1
