world: terrain1
x: -5.556491013357331
y: 102.0
z: 7.100346708429431
yaw: -180.31178
pitch: -3.00005
name: Spawn
