world: builds
x: -589.4519812756361
y: 6.0
z: -354.41378512252805
yaw: -257.07507
pitch: 25.799477
name: Spawn3
