world: Spawn
x: 1526.1085152037328
y: 72.76738832157757
z: 59.933064270085225
yaw: -37.37744
pitch: 52.4639
name: Spawn1
