world: flatroom
x: -127.5
y: 5.0
z: 110.5
yaw: -269.69727
pitch: 3.7499292
name: SShop
