world: flatroom
x: -1086.9281648113083
y: 13.908347509168458
z: -948.5080399120437
yaw: -267.96838
pitch: 23.097433
name: SSSSSS
