world: NTree
x: 230.30000001192093
y: 58.0
z: -224.4906125825681
yaw: 146.24992
pitch: 62.550026
name: Trees
