world: Building
x: 684.3653362791406
y: 36.0
z: -871.6757299871565
yaw: -34.041718
pitch: 81.74998
name: warp
