world: world
x: 1255.4964935130326
y: 68.0
z: 4108.488394687069
yaw: 359.99677
pitch: 18.30001
name: wild
